1987,2 1155,8 630,4 201,0
1987,2 1001,2 784,9 201,0
1987,2 848,1 938,0 201,1
1987,2 694,6 1091,6 201,1
1987,2 542,7 1243,4 201,1
1987,2 390,9 1395,2 201,1
1987,2 238,8 1547,3 201,1
1987,2 85,7 1699,9 201,6
1987,2 73,1 1825,1 88,9
1987,2 74,4 1805,9 106,9
1987,2 76,7 1818,6 91,8
1987,2 74,2 1828,3 84,7
1987,2 68,7 1823,5 94,9
1987,2 74,5 1802,8 109,9

1401,6 849,2 552,4 1189,2
1401,6 849,4 552,2 1035,9
1401,6 849,4 552,2 883,1
1401,6 849,4 552,2 729,3
1401,6 849,4 552,2 576,0
1401,6 849,4 552,2 423,7
1401,6 849,4 552,2 271,9
1401,6 849,4 552,2 119,7
1401,6 822,2 579,5 35,7
1401,6 650,4 751,2 44,6
1401,6 515,4 886,2 38,8
1401,6 367,2 1034,4 31,9
1401,6 177,1 1224,6 36,4
1401,6 0,6 1401,1 48,4


1987,2 1154,3 631,9 201,0
1987,2 1001,5 784,7 201,0
1987,2 846,6 939,5 201,1
1987,2 694,3 1091,8 201,1
1987,2 540,5 1245,6 201,1
1987,2 388,2 1397,9 201,1
1987,2 235,6 1550,5 201,1
1987,2 82,5 1703,1 201,6
1987,2 65,0 1828,5 93,7
1987,2 67,1 1811,7 108,5
1987,2 71,3 1822,7 93,2
1987,2 66,6 1835,6 85,0
1987,2 78,5 1797,0 111,7
1987,2 71,0 1805,3 110,9
1987,2 747,7 1095,4 144,1
1987,2 646,6 1180,9 159,8
1987,2 577,9 1249,2 160,1
1987,2 488,8 1335,2 163,2
1987,2 411,6 1412,3 163,3
1987,2 333,0 1487,4 166,8
1987,2 255,9 1564,4 166,9
1987,2 180,5 1639,9 166,9
1987,2 104,2 1716,1 166,9
1987,2 79,1 1770,9 137,1
1987,2 74,2 1818,8 94,2
1987,2 74,2 1828,5 84,5
1987,2 69,1 1830,3 87,8
1987,2 79,2 1811,3 96,6
1987,2 61,7 1846,3 79,2

1401,6 849,2 552,4 1189,2
1401,6 849,4 552,2 1036,9
1401,6 849,4 552,2 882,9
1401,6 849,4 552,2 729,5
1401,6 849,4 552,2 576,2
1401,6 849,4 552,2 423,4
1401,6 849,4 552,2 271,4
1401,6 849,4 552,2 118,2
1401,6 822,2 579,5 28,8
1401,6 650,4 751,2 39,9
1401,6 515,4 886,2 36,0
1401,6 367,2 1034,4 28,4
1401,6 157,4 1244,3 48,3
1401,6 0,7 1400,9 45,3
1401,6 319,7 1081,9 737,2
1401,6 328,2 1073,4 645,3
1401,6 328,7 1072,9 576,7
1401,6 337,7 1063,9 488,9
1401,6 338,0 1063,6 411,9
1401,6 339,2 1062,4 335,5
1401,6 339,2 1062,4 259,2
1401,6 339,2 1062,4 183,7
1401,6 339,2 1062,4 107,2
1401,6 310,3 1091,3 66,2
1401,6 274,5 1127,1 39,1
1401,6 200,6 1201,0 33,7
1401,6 126,2 1275,5 36,3
1401,6 38,9 1362,7 46,3
1401,6 0,0 1401,6 24,7
